   16.000000000000000       -9.7557086416463862E-022
   8.6582417136267160E-020  -9.7557086416463862E-022
   1.2987362570440074E-019  -9.7557086416463862E-022
   1.2996432542242975E-019  -9.7557086416463862E-022
   2.1645604284066790E-019  -9.7557086416463862E-022
   2.5974725140880148E-019  -9.7557086416463862E-022
   2.2743756948925205E-019  -9.7557086416463862E-022
   3.4632966854506864E-019  -9.7557086416463862E-022
   2.9241973220046693E-019  -9.7557086416463862E-022
   4.3291208568133580E-019  -9.7557086416463862E-022
   4.7620329424946938E-019  -9.7557086416463862E-022
   3.8989297626728924E-019  -9.7557086416463862E-022
   5.6278571138573654E-019  -9.7557086416463862E-022
   4.5487513897850411E-019  -9.7557086416463862E-022
   4.8736622033411154E-019  -9.7557086416463862E-022
   6.9265933709013728E-019  -9.7557086416463862E-022
   7.3595054565827086E-019  -9.7557086416463862E-022
   7.7924175422640444E-019  -9.7557086416463862E-022
   8.2253296279453802E-019  -9.7557086416463862E-022
   8.6582417136267160E-019  -9.7557086416463862E-022
   9.0911537993080518E-019  -9.7557086416463862E-022
   4.7720099114778844E-019  -9.7557086416463862E-022
   9.9569779706707234E-019  -9.7557086416463862E-022
   5.2058289943395102E-019  -9.7557086416463862E-022
   8.1227703389018591E-019  -9.7557086416463862E-022
   1.1255714227714731E-018  -9.7557086416463862E-022
   1.1688626313396067E-018  -9.7557086416463862E-022
   9.0975027795700822E-019  -9.7557086416463862E-022
   1.2554450484758738E-018  -9.7557086416463862E-022
   1.2987362570440074E-018  -9.7557086416463862E-022
   1.3420274656121410E-018  -9.7557086416463862E-022
   1.3853186741802746E-018  -9.7557086416463862E-022
   1.4286098827484081E-018  -9.7557086416463862E-022
   1.1046967660906528E-018  -9.7557086416463862E-022
   1.5151922998846753E-018  -9.7557086416463862E-022
   1.1696789288018677E-018  -9.7557086416463862E-022
   1.6017747170209425E-018  -9.7557086416463862E-022
   1.2346610915130826E-018  -9.7557086416463862E-022
   1.6883571341572096E-018  -9.7557086416463862E-022
   1.2996432542242975E-018  -9.7557086416463862E-022
   1.3321343355799049E-018  -9.7557086416463862E-022
   1.8182307598616104E-018  -9.7557086416463862E-022
   1.8615219684297439E-018  -9.7557086416463862E-022
   1.9048131769978775E-018  -9.7557086416463862E-022
   1.9481043855660111E-018  -9.7557086416463862E-022
   1.9913955941341447E-018  -9.7557086416463862E-022
   2.0346868027022783E-018  -9.7557086416463862E-022
   2.0779780112704118E-018  -9.7557086416463862E-022
   2.1212692198385454E-018  -9.7557086416463862E-022
   2.1645604284066790E-018  -9.7557086416463862E-022
   1.6570451491359792E-018  -9.7557086416463862E-022
   1.6895362304915867E-018  -9.7557086416463862E-022
   2.2944340541110797E-018  -9.7557086416463862E-022
   1.7545183932028016E-018  -9.7557086416463862E-022
   1.7870094745584090E-018  -9.7557086416463862E-022
   2.4243076798154805E-018  -9.7557086416463862E-022
   1.2363843861556337E-018  -9.7557086416463862E-022
   2.5108900969517476E-018  -9.7557086416463862E-022
   2.5541813055198812E-018  -9.7557086416463862E-022
   1.9494648813364462E-018  -9.7557086416463862E-022
   1.9819559626920536E-018  -9.7557086416463862E-022
   2.6840549312242820E-018  -9.7557086416463862E-022
   2.0469381254032685E-018  -9.7557086416463862E-022
   2.7706373483605491E-018  -9.7557086416463862E-022
   2.8139285569286827E-018  -9.7557086416463862E-022
   2.8572197654968163E-018  -9.7557086416463862E-022
   2.1769024508256982E-018  -9.7557086416463862E-022
   2.9438021826330834E-018  -9.7557086416463862E-022
   2.2418846135369131E-018  -9.7557086416463862E-022
   3.0303845997693506E-018  -9.7557086416463862E-022
   3.0736758083374842E-018  -9.7557086416463862E-022
   2.3393578576037354E-018  -9.7557086416463862E-022
   2.3718489389593428E-018  -9.7557086416463862E-022
   3.2035494340418849E-018  -9.7557086416463862E-022
   3.2468406426100185E-018  -9.7557086416463862E-022
   3.2901318511781521E-018  -9.7557086416463862E-022
   3.3334230597462856E-018  -9.7557086416463862E-022
   3.3767142683144192E-018  -9.7557086416463862E-022
   3.4200054768825528E-018  -9.7557086416463862E-022
   3.4632966854506864E-018  -9.7557086416463862E-022
   3.5065878940188200E-018  -9.7557086416463862E-022
   3.5498791025869535E-018  -9.7557086416463862E-022
   3.5931703111550871E-018  -9.7557086416463862E-022
   3.6364615197232207E-018  -9.7557086416463862E-022
   3.6797527282913543E-018  -9.7557086416463862E-022
   2.7942329965822395E-018  -9.7557086416463862E-022
   1.8871130104480725E-018  -9.7557086416463862E-022
   3.8096263539957550E-018  -9.7557086416463862E-022
   1.9304949187342350E-018  -9.7557086416463862E-022
   3.8962087711320222E-018  -9.7557086416463862E-022
   3.9394999797001558E-018  -9.7557086416463862E-022
   2.9891794847158841E-018  -9.7557086416463862E-022
   4.0260823968364229E-018  -9.7557086416463862E-022
   4.0693736054045565E-018  -9.7557086416463862E-022
   3.0866527287827064E-018  -9.7557086416463862E-022
   4.1559560225408237E-018  -9.7557086416463862E-022
   4.1992472311089572E-018  -9.7557086416463862E-022
   4.2425384396770908E-018  -9.7557086416463862E-022
   4.2858296482452244E-018  -9.7557086416463862E-022
   4.3291208568133580E-018  -9.7557086416463862E-022
