   1.0000000000000000        43.631999999999998     
   1.0000000000000000        249.62200000000001     
   1.0000000000000000        251.18199999999999     
   1.0000000000000000        228.22200000000001     
   1.0000000000000000        226.52799999999999     
   1.0000000000000000        180.15000000000001     
   1.0000000000000000        206.22999999999999     
   1.0000000000000000        192.42200000000000     
   1.0000000000000000        257.59199999999998     
   1.0000000000000000        175.71199999999999     
   1.0000000000000000        230.59200000000001     
   1.0000000000000000        284.08199999999999     
   1.0000000000000000        254.16200000000001     
   1.0000000000000000        247.34999999999999     
   1.0000000000000000        141.39599999999999     
   1.0000000000000000        221.80000000000001     
   1.0000000000000000        250.99000000000001     
   1.0000000000000000        229.99199999999999     
   1.0000000000000000        221.99799999999999     
   1.0000000000000000        337.54000000000002     
   1.0000000000000000        288.48399999999998     
   1.0000000000000000        217.44000000000000     
   1.0000000000000000        283.95800000000003     
   1.0000000000000000        165.86199999999999     
   1.0000000000000000        178.40000000000001     
   1.0000000000000000        221.61199999999999     
   1.0000000000000000        173.72800000000001     
   1.0000000000000000        257.90800000000002     
   1.0000000000000000        153.95599999999999     
   1.0000000000000000        227.51599999999999     
   1.0000000000000000        206.05799999999999     
   1.0000000000000000        194.57400000000001     
   1.0000000000000000        244.38399999999999     
   1.0000000000000000        210.25800000000001     
   1.0000000000000000        244.39599999999999     
   1.0000000000000000        245.66800000000001     
   1.0000000000000000        274.05000000000001     
   1.0000000000000000        218.86199999999999     
   1.0000000000000000        156.31999999999999     
   1.0000000000000000        264.44600000000003     
   1.0000000000000000        274.27800000000002     
   1.0000000000000000        223.85800000000000     
   1.0000000000000000        230.30600000000001     
   1.0000000000000000        250.23800000000000     
   1.0000000000000000        237.84999999999999     
   1.0000000000000000        256.66399999999999     
   1.0000000000000000        268.33999999999997     
   1.0000000000000000        255.04200000000000     
   1.0000000000000000        169.17599999999999     
   1.0000000000000000        258.58800000000002     
   1.0000000000000000        278.92599999999999     
   1.0000000000000000        225.18199999999999     
   1.0000000000000000        195.44600000000000     
   1.0000000000000000        200.93400000000000     
   1.0000000000000000        253.76400000000001     
   1.0000000000000000        258.75999999999999     
   1.0000000000000000        156.34600000000000     
   1.0000000000000000        185.65400000000000     
   1.0000000000000000        220.09200000000001     
   1.0000000000000000        182.11600000000001     
   1.0000000000000000        257.91000000000003     
   1.0000000000000000        274.28800000000001     
   1.0000000000000000        214.31999999999999     
   1.0000000000000000        293.52600000000001     
   1.0000000000000000        245.53800000000001     
   1.0000000000000000        162.29400000000001     
   1.0000000000000000        247.66200000000001     
   1.0000000000000000        285.46400000000000     
   1.0000000000000000        221.38399999999999     
   1.0000000000000000        224.91800000000001     
   1.0000000000000000        207.55199999999999     
   1.0000000000000000        254.08799999999999     
   1.0000000000000000        211.43000000000001     
   1.0000000000000000        229.97399999999999     
   1.0000000000000000        260.42000000000002     
   1.0000000000000000        180.84999999999999     
   1.0000000000000000        210.91600000000000     
   1.0000000000000000        225.72000000000000     
   1.0000000000000000        201.53600000000000     
   1.0000000000000000        216.99199999999999     
   1.0000000000000000        236.06399999999999     
   1.0000000000000000        229.62799999999999     
   1.0000000000000000        260.47800000000001     
   1.0000000000000000        282.27199999999999     
   1.0000000000000000        244.98400000000001     
   1.0000000000000000        293.23200000000003     
   1.0000000000000000        157.34999999999999     
   1.0000000000000000        270.31200000000001     
   1.0000000000000000        235.02000000000001     
   1.0000000000000000        186.62600000000000     
   1.0000000000000000        195.45400000000001     
   1.0000000000000000        219.41800000000001     
   1.0000000000000000        191.27600000000001     
   1.0000000000000000        218.24799999999999     
   1.0000000000000000        170.20599999999999     
   1.0000000000000000        233.24799999999999     
   1.0000000000000000        180.51800000000000     
   1.0000000000000000        155.46799999999999     
   1.0000000000000000        272.41800000000001     
   1.0000000000000000        226.72000000000000     
