   16.000000000000000       -9.7237563674233698E-019
   8.6582417136267160E-020  -1.2872628885062764E-018
   1.2987362570440074E-019  -1.1989154530604650E-018
   1.2996432542242975E-019  -1.2429108804209794E-018
   2.1645604284066790E-019  -1.3355926604598419E-018
   2.5974725140880148E-019  -1.3360754112252665E-018
   2.2743756948925205E-019  -1.2656760717177162E-018
   3.4632966854506864E-019  -1.2703372056018263E-018
   2.9241973220046693E-019  -1.3421505091837412E-018
   4.3291208568133580E-019  -1.2007062070752244E-018
   4.7620329424946938E-019  -1.2183792894905352E-018
   3.8989297626728924E-019  -1.3741363825710991E-018
   5.6278571138573654E-019  -1.4957987072730728E-018
   4.5487513897850411E-019  -1.3426376246021899E-018
   4.8736622033411154E-019  -1.3047799484706449E-018
   6.9265933709013728E-019  -1.3627492276294138E-018
   7.3595054565827086E-019  -1.2657294570382561E-018
   7.7924175422640444E-019  -1.2334577796143854E-018
   8.2253296279453802E-019  -1.3490897931516079E-018
   8.6582417136267160E-019  -1.5752380321885263E-018
   9.0911537993080518E-019  -1.4559735744426071E-018
   4.7720099114778844E-019  -1.3400787207190957E-018
   9.9569779706707234E-019  -1.3899278371368805E-018
   5.2058289943395102E-019  -1.2544091840822463E-018
   8.1227703389018591E-019  -1.2097404538330794E-018
   1.1255714227714731E-018  -1.2315995275108432E-018
   1.1688626313396067E-018  -1.2218763963093328E-018
   9.0975027795700822E-019  -1.3640298516137632E-018
   1.2554450484758738E-018  -1.2808459843486990E-018
   1.2987362570440074E-018  -1.3987349308632600E-018
   1.3420274656121410E-018  -1.1283261479042713E-018
   1.3853186741802746E-018  -1.3375354765537637E-018
   1.4286098827484081E-018  -1.2100016898539455E-018
   1.1046967660906528E-018  -1.3550179902188603E-018
   1.5151922998846753E-018  -1.4129664706723389E-018
   1.1696789288018677E-018  -1.3375913950733922E-018
   1.6017747170209425E-018  -1.3110190443836273E-018
   1.2346610915130826E-018  -1.3104549937858169E-018
   1.6883571341572096E-018  -1.2548232484362913E-018
   1.2996432542242975E-018  -1.4401949805591874E-018
   1.3321343355799049E-018  -1.4669407480407164E-018
   1.8182307598616104E-018  -1.3250028789717313E-018
   1.8615219684297439E-018  -1.2565006408910672E-018
   1.9048131769978775E-018  -1.3211843877789108E-018
   1.9481043855660111E-018  -1.2824164880119297E-018
   1.9913955941341447E-018  -1.3475236648222140E-018
   2.0346868027022783E-018  -1.3204517999015660E-018
   2.0779780112704118E-018  -1.2303262097933054E-018
   2.1212692198385454E-018  -1.2584880659984094E-018
   2.1645604284066790E-018  -1.3934311023535940E-018
   1.6570451491359792E-018  -1.4383446390775779E-018
   1.6895362304915867E-018  -1.3420775251353007E-018
   2.2944340541110797E-018  -1.1317437175159210E-018
   1.7545183932028016E-018  -1.1127106874505216E-018
   1.7870094745584090E-018  -1.3573087418824457E-018
   2.4243076798154805E-018  -1.3332718346196729E-018
   1.2363843861556337E-018  -1.2575600674744641E-018
   2.5108900969517476E-018  -1.3102057101740894E-018
   2.5541813055198812E-018  -1.2220870309512030E-018
   1.9494648813364462E-018  -1.1805417078119973E-018
   1.9819559626920536E-018  -1.4308277040025607E-018
   2.6840549312242820E-018  -1.2927846085096192E-018
   2.0469381254032685E-018  -1.1417498317977669E-018
   2.7706373483605491E-018  -1.5191015728724011E-018
   2.8139285569286827E-018  -1.3741507216538755E-018
   2.8572197654968163E-018  -1.2406739760410593E-018
   2.1769024508256982E-018  -1.2901649154627580E-018
   2.9438021826330834E-018  -1.3675525616468187E-018
   2.2418846135369131E-018  -1.3157314745649474E-018
   3.0303845997693506E-018  -1.4249354544462156E-018
   3.0736758083374842E-018  -1.4296755678106313E-018
   2.3393578576037354E-018  -1.3782919984323655E-018
   2.3718489389593428E-018  -1.3507562597141695E-018
   3.2035494340418849E-018  -1.3584385437527518E-018
   3.2468406426100185E-018  -1.3305757622143536E-018
   3.2901318511781521E-018  -1.3205495549194513E-018
   3.3334230597462856E-018  -1.3600967065589426E-018
   3.3767142683144192E-018  -1.2575486039634715E-018
   3.4200054768825528E-018  -1.1562973497170922E-018
   3.4632966854506864E-018  -1.1310760892344596E-018
   3.5065878940188200E-018  -1.3520378003318405E-018
   3.5498791025869535E-018  -1.3580793775339949E-018
   3.5931703111550871E-018  -1.4415232331470842E-018
   3.6364615197232207E-018  -1.3193805719407237E-018
   3.6797527282913543E-018  -1.2280331618327752E-018
   2.7942329965822395E-018  -1.4210522816145642E-018
   1.8871130104480725E-018  -1.2520124409399464E-018
   3.8096263539957550E-018  -1.4023360162078838E-018
   1.9304949187342350E-018  -1.2139959339368145E-018
   3.8962087711320222E-018  -1.1604384732363834E-018
   3.9394999797001558E-018  -1.2310815476066809E-018
   2.9891794847158841E-018  -1.1976007668471582E-018
   4.0260823968364229E-018  -1.2342469413146331E-018
   4.0693736054045565E-018  -1.2444159315499345E-018
   3.0866527287827064E-018  -1.1126530439214898E-018
   4.1559560225408237E-018  -1.2734874297437211E-018
   4.1992472311089572E-018  -1.2314857572145911E-018
   4.2425384396770908E-018  -1.2042887009815486E-018
   4.2858296482452244E-018  -1.2068092074247969E-018
   4.3291208568133580E-018  -1.3154035249114589E-018
