   1.0000000000000000       -9.7237563674233698E-019
   1.0000000000000000       -1.2872628885062764E-018
   1.0000000000000000       -1.1989154530604650E-018
   1.0000000000000000       -1.2429108804209794E-018
   1.0000000000000000       -1.3355926604598419E-018
   1.0000000000000000       -1.3360754112252665E-018
   1.0000000000000000       -1.2656760717177162E-018
   1.0000000000000000       -1.2703372056018263E-018
   1.0000000000000000       -1.3421505091837412E-018
   1.0000000000000000       -1.2007062070752244E-018
   1.0000000000000000       -1.2183792894905352E-018
   1.0000000000000000       -1.3741363825710991E-018
   1.0000000000000000       -1.4957987072730728E-018
   1.0000000000000000       -1.3426376246021899E-018
   1.0000000000000000       -1.3047799484706449E-018
   1.0000000000000000       -1.3627492276294138E-018
   1.0000000000000000       -1.2657294570382561E-018
   1.0000000000000000       -1.2334577796143854E-018
   1.0000000000000000       -1.3490897931516079E-018
   1.0000000000000000       -1.5752380321885263E-018
   1.0000000000000000       -1.4559735744426071E-018
   1.0000000000000000       -1.3400787207190957E-018
   1.0000000000000000       -1.3899278371368805E-018
   1.0000000000000000       -1.2544091840822463E-018
   1.0000000000000000       -1.2097404538330794E-018
   1.0000000000000000       -1.2315995275108432E-018
   1.0000000000000000       -1.2218763963093328E-018
   1.0000000000000000       -1.3640298516137632E-018
   1.0000000000000000       -1.2808459843486990E-018
   1.0000000000000000       -1.3987349308632600E-018
   1.0000000000000000       -1.1283261479042713E-018
   1.0000000000000000       -1.3375354765537637E-018
   1.0000000000000000       -1.2100016898539455E-018
   1.0000000000000000       -1.3550179902188603E-018
   1.0000000000000000       -1.4129664706723389E-018
   1.0000000000000000       -1.3375913950733922E-018
   1.0000000000000000       -1.3110190443836273E-018
   1.0000000000000000       -1.3104549937858169E-018
   1.0000000000000000       -1.2548232484362913E-018
   1.0000000000000000       -1.4401949805591874E-018
   1.0000000000000000       -1.4669407480407164E-018
   1.0000000000000000       -1.3250028789717313E-018
   1.0000000000000000       -1.2565006408910672E-018
   1.0000000000000000       -1.3211843877789108E-018
   1.0000000000000000       -1.2824164880119297E-018
   1.0000000000000000       -1.3475236648222140E-018
   1.0000000000000000       -1.3204517999015660E-018
   1.0000000000000000       -1.2303262097933054E-018
   1.0000000000000000       -1.2584880659984094E-018
   1.0000000000000000       -1.3934311023535940E-018
   1.0000000000000000       -1.4383446390775779E-018
   1.0000000000000000       -1.3420775251353007E-018
   1.0000000000000000       -1.1317437175159210E-018
   1.0000000000000000       -1.1127106874505216E-018
   1.0000000000000000       -1.3573087418824457E-018
   1.0000000000000000       -1.3332718346196729E-018
   1.0000000000000000       -1.2575600674744641E-018
   1.0000000000000000       -1.3102057101740894E-018
   1.0000000000000000       -1.2220870309512030E-018
   1.0000000000000000       -1.1805417078119973E-018
   1.0000000000000000       -1.4308277040025607E-018
   1.0000000000000000       -1.2927846085096192E-018
   1.0000000000000000       -1.1417498317977669E-018
   1.0000000000000000       -1.5191015728724011E-018
   1.0000000000000000       -1.3741507216538755E-018
   1.0000000000000000       -1.2406739760410593E-018
   1.0000000000000000       -1.2901649154627580E-018
   1.0000000000000000       -1.3675525616468187E-018
   1.0000000000000000       -1.3157314745649474E-018
   1.0000000000000000       -1.4249354544462156E-018
   1.0000000000000000       -1.4296755678106313E-018
   1.0000000000000000       -1.3782919984323655E-018
   1.0000000000000000       -1.3507562597141695E-018
   1.0000000000000000       -1.3584385437527518E-018
   1.0000000000000000       -1.3305757622143536E-018
   1.0000000000000000       -1.3205495549194513E-018
   1.0000000000000000       -1.3600967065589426E-018
   1.0000000000000000       -1.2575486039634715E-018
   1.0000000000000000       -1.1562973497170922E-018
   1.0000000000000000       -1.1310760892344596E-018
   1.0000000000000000       -1.3520378003318405E-018
   1.0000000000000000       -1.3580793775339949E-018
   1.0000000000000000       -1.4415232331470842E-018
   1.0000000000000000       -1.3193805719407237E-018
   1.0000000000000000       -1.2280331618327752E-018
   1.0000000000000000       -1.4210522816145642E-018
   1.0000000000000000       -1.2520124409399464E-018
   1.0000000000000000       -1.4023360162078838E-018
   1.0000000000000000       -1.2139959339368145E-018
   1.0000000000000000       -1.1604384732363834E-018
   1.0000000000000000       -1.2310815476066809E-018
   1.0000000000000000       -1.1976007668471582E-018
   1.0000000000000000       -1.2342469413146331E-018
   1.0000000000000000       -1.2444159315499345E-018
   1.0000000000000000       -1.1126530439214898E-018
   1.0000000000000000       -1.2734874297437211E-018
   1.0000000000000000       -1.2314857572145911E-018
   1.0000000000000000       -1.2042887009815486E-018
   1.0000000000000000       -1.2068092074247969E-018
   1.0000000000000000       -1.3154035249114589E-018
