   16.000000000000000        1.4769780230395797E-016
   8.6582417136267160E-020   3.8387482287382153E+024
   1.2987362570440074E-019   1.5619504465769546E+024
   1.2996432542242975E-019   1.3483642449878677E+024
   2.1645604284066790E-019   6.1340117094678077E+023
   2.5974725140880148E-019   4.9554484779838334E+023
   2.2743756948925205E-019   5.4063061905560450E+023
   3.4632966854506864E-019   2.4559864976698019E+023
   2.9241973220046693E-019   3.4114718960079009E+023
   4.3291208568133580E-019   1.6246658406443169E+023
   4.7620329424946938E-019   1.0263784260672405E+023
   3.8989297626728924E-019   2.2003120259985551E+023
   5.6278571138573654E-019   7.4593370247238932E+022
   4.5487513897850411E-019   1.3433185736820066E+023
   4.8736622033411154E-019   1.0823908058274440E+023
   6.9265933709013728E-019   6.7467267521783509E+022
   7.3595054565827086E-019   4.7371950221802456E+022
   7.7924175422640444E-019   3.7287530077376534E+022
   8.2253296279453802E-019   3.7645659379947750E+022
   8.6582417136267160E-019   4.4038004289661076E+022
   9.0911537993080518E-019   4.3540420105479649E+022
   4.7720099114778844E-019   1.2041884547406444E+023
   9.9569779706707234E-019   2.8977718598424943E+022
   5.2058289943395102E-019   9.2032328119907848E+022
   8.1227703389018591E-019   3.4309025148128937E+022
   1.1255714227714731E-018   2.3263570433120368E+022
   1.1688626313396067E-018   2.1042288673717217E+022
   9.0975027795700822E-019   3.9143055186145009E+022
   1.2554450484758738E-018   1.7230325001064852E+022
   1.2987362570440074E-018   1.7646504622405999E+022
   1.3420274656121410E-018   1.4344000221553176E+022
   1.3853186741802746E-018   1.4960752329930243E+022
   1.4286098827484081E-018   1.3705985988471734E+022
   1.1046967660906528E-018   2.5557503576520524E+022
   1.5151922998846753E-018   1.4015185519692046E+022
   1.1696789288018677E-018   2.2139802399791148E+022
   1.6017747170209425E-018   1.1589422866086540E+022
   1.2346610915130826E-018   1.7200583140643399E+022
   1.6883571341572096E-018   8.0205479429893301E+021
   1.2996432542242975E-018   2.1635901850417608E+022
   1.3321343355799049E-018   1.8478605463940690E+022
   1.8182307598616104E-018   9.7827246419361179E+021
   1.8615219684297439E-018   8.0110232599297178E+021
   1.9048131769978775E-018   7.7790473395901290E+021
   1.9481043855660111E-018   9.1770866099872627E+021
   1.9913955941341447E-018   8.0911082472635546E+021
   2.0346868027022783E-018   8.1639365277904158E+021
   2.0779780112704118E-018   6.0414652119983545E+021
   2.1212692198385454E-018   4.7488050498712539E+021
   2.1645604284066790E-018   6.4676604808742516E+021
   1.6570451491359792E-018   1.0776885714889583E+022
   1.6895362304915867E-018   8.4391872901745297E+021
   2.2944340541110797E-018   4.7732686888006435E+021
   1.7545183932028016E-018   8.2879033123068885E+021
   1.7870094745584090E-018   1.0131274073587271E+022
   2.4243076798154805E-018   4.2484804251267928E+021
   1.2363843861556337E-018   1.6948168118597560E+022
   2.5108900969517476E-018   3.7911083811851595E+021
   2.5541813055198812E-018   3.8210123061962012E+021
   1.9494648813364462E-018   7.0152835924435801E+021
   1.9819559626920536E-018   6.2640123337584683E+021
   2.6840549312242820E-018   3.5910218422529892E+021
   2.0469381254032685E-018   5.4319964459198778E+021
   2.7706373483605491E-018   4.6432498831058094E+021
   2.8139285569286827E-018   3.5734943728546648E+021
   2.8572197654968163E-018   3.8479303414298003E+021
   2.1769024508256982E-018   4.4616780473989490E+021
   2.9438021826330834E-018   3.1692034881828631E+021
   2.2418846135369131E-018   5.3519114273576525E+021
   3.0303845997693506E-018   3.2983228838264365E+021
   3.0736758083374842E-018   2.7564818741899753E+021
   2.3393578576037354E-018   5.2495722736379211E+021
   2.3718489389593428E-018   5.6781624548359374E+021
   3.2035494340418849E-018   3.3436408903428080E+021
   3.2468406426100185E-018   2.3372607035241501E+021
   3.2901318511781521E-018   2.2045539872700951E+021
   3.3334230597462856E-018   2.8088215297086917E+021
   3.3767142683144192E-018   2.0963842069464220E+021
   3.4200054768825528E-018   2.1980872108563434E+021
   3.4632966854506864E-018   2.1619335310714735E+021
   3.5065878940188200E-018   2.4906319803367917E+021
   3.5498791025869535E-018   2.5296413893501072E+021
   3.5931703111550871E-018   2.1425763135232336E+021
   3.6364615197232207E-018   1.8713855453080401E+021
   3.6797527282913543E-018   2.1299237389087770E+021
   2.7942329965822395E-018   4.3880631378880967E+021
   1.8871130104480725E-018   7.0642326735801350E+021
   3.8096263539957550E-018   1.9616476221596883E+021
   1.9304949187342350E-018   5.8562881781215265E+021
   3.8962087711320222E-018   1.3382586767335096E+021
   3.9394999797001558E-018   1.5942729561324740E+021
   2.9891794847158841E-018   2.3071971151322963E+021
   4.0260823968364229E-018   1.3125973273510124E+021
   4.0693736054045565E-018   1.6809891744169478E+021
   3.0866527287827064E-018   2.4449084299210869E+021
   4.1559560225408237E-018   1.5108193075059648E+021
   4.1992472311089572E-018   1.2707662063096263E+021
   4.2425384396770908E-018   1.3235809574261102E+021
   4.2858296482452244E-018   1.7032804839602614E+021
   4.3291208568133580E-018   1.4939473765982077E+021
